787 856
1 4.00000000000000e+01 0.00000000000000e+00 0.00000000000000e+00
2 3.98881518872472e+01 2.98920374345698e+00 0.00000000000000e+00
3 3.95532330490051e+01 5.96169064704700e+00 0.00000000000000e+00
4 3.89971164872729e+01 8.90083735825260e+00 0.00000000000000e+00
5 3.82229122314456e+01 1.17902069764362e+01 0.00000000000000e+00
6 3.72349499457682e+01 1.46136409746558e+01 0.00000000000000e+00
7 3.60387547160967e+01 1.73553495647024e+01 0.00000000000000e+00
8 3.46410161513775e+01 2.00000000000001e+01 0.00000000000000e+00
9 3.30495509726398e+01 2.25328023225449e+01 0.00000000000000e+00
10 3.12732592987211e+01 2.49395920743494e+01 0.00000000000000e+00
11 2.93220748731930e+01 2.72069095108369e+01 0.00000000000000e+00
12 2.72069095108367e+01 2.93220748731931e+01 0.00000000000000e+00
13 2.49395920743492e+01 3.12732592987213e+01 0.00000000000000e+00
14 2.25328023225448e+01 3.30495509726399e+01 0.00000000000000e+00
15 1.99999999999999e+01 3.46410161513776e+01 0.00000000000000e+00
16 1.73553495647022e+01 3.60387547160968e+01 0.00000000000000e+00
17 1.46136409746557e+01 3.72349499457682e+01 0.00000000000000e+00
18 1.17902069764360e+01 3.82229122314457e+01 0.00000000000000e+00
19 8.90083735825244e+00 3.89971164872730e+01 0.00000000000000e+00
20 5.96169064704684e+00 3.95532330490052e+01 0.00000000000000e+00
21 2.98920374345682e+00 3.98881518872472e+01 0.00000000000000e+00
22 -1.48541037750727e-13 4.00000000000000e+01 0.00000000000000e+00
23 -2.98920374345710e+00 3.98881518872472e+01 0.00000000000000e+00
24 -5.96169064704710e+00 3.95532330490051e+01 0.00000000000000e+00
25 -8.90083735825273e+00 3.89971164872729e+01 0.00000000000000e+00
26 -1.17902069764363e+01 3.82229122314456e+01 0.00000000000000e+00
27 -1.46136409746559e+01 3.72349499457681e+01 0.00000000000000e+00
28 -1.73553495647025e+01 3.60387547160967e+01 0.00000000000000e+00
29 -2.00000000000001e+01 3.46410161513775e+01 0.00000000000000e+00
30 -2.25328023225450e+01 3.30495509726397e+01 0.00000000000000e+00
31 -2.49395920743495e+01 3.12732592987211e+01 0.00000000000000e+00
32 -2.72069095108369e+01 2.93220748731929e+01 0.00000000000000e+00
33 -2.93220748731932e+01 2.72069095108366e+01 0.00000000000000e+00
34 -3.12732592987213e+01 2.49395920743492e+01 0.00000000000000e+00
35 -3.30495509726399e+01 2.25328023225447e+01 0.00000000000000e+00
36 -3.46410161513776e+01 1.99999999999998e+01 0.00000000000000e+00
37 -3.60387547160968e+01 1.73553495647022e+01 0.00000000000000e+00
38 -3.72349499457682e+01 1.46136409746556e+01 0.00000000000000e+00
39 -3.82229122314457e+01 1.17902069764360e+01 0.00000000000000e+00
40 -3.89971164872730e+01 8.90083735825237e+00 0.00000000000000e+00
41 -3.95532330490052e+01 5.96169064704676e+00 0.00000000000000e+00
42 -3.98881518872472e+01 2.98920374345679e+00 0.00000000000000e+00
43 -4.00000000000000e+01 -2.08264233531441e-13 0.00000000000000e+00
44 -3.98881518872472e+01 -2.98920374345714e+00 0.00000000000000e+00
45 -3.95532330490051e+01 -5.96169064704717e+00 0.00000000000000e+00
46 -3.89971164872729e+01 -8.90083735825274e+00 0.00000000000000e+00
47 -3.82229122314456e+01 -1.17902069764363e+01 0.00000000000000e+00
48 -3.72349499457681e+01 -1.46136409746560e+01 0.00000000000000e+00
49 -3.60387547160967e+01 -1.73553495647025e+01 0.00000000000000e+00
50 -3.46410161513774e+01 -2.00000000000002e+01 0.00000000000000e+00
51 -3.30495509726397e+01 -2.25328023225450e+01 0.00000000000000e+00
52 -3.12732592987211e+01 -2.49395920743495e+01 0.00000000000000e+00
53 -2.93220748731929e+01 -2.72069095108369e+01 0.00000000000000e+00
54 -2.72069095108366e+01 -2.93220748731932e+01 0.00000000000000e+00
55 -2.49395920743492e+01 -3.12732592987213e+01 0.00000000000000e+00
56 -2.25328023225447e+01 -3.30495509726399e+01 0.00000000000000e+00
57 -1.99999999999998e+01 -3.46410161513776e+01 0.00000000000000e+00
58 -1.73553495647022e+01 -3.60387547160968e+01 0.00000000000000e+00
59 -1.46136409746556e+01 -3.72349499457682e+01 0.00000000000000e+00
60 -1.17902069764359e+01 -3.82229122314457e+01 0.00000000000000e+00
61 -8.90083735825237e+00 -3.89971164872730e+01 0.00000000000000e+00
62 -5.96169064704676e+00 -3.95532330490052e+01 0.00000000000000e+00
63 -2.98920374345674e+00 -3.98881518872472e+01 0.00000000000000e+00
64 2.05814939933146e-13 -4.00000000000000e+01 0.00000000000000e+00
65 2.98920374345719e+00 -3.98881518872472e+01 0.00000000000000e+00
66 5.96169064704717e+00 -3.95532330490051e+01 0.00000000000000e+00
67 8.90083735825274e+00 -3.89971164872729e+01 0.00000000000000e+00
68 1.17902069764363e+01 -3.82229122314456e+01 0.00000000000000e+00
69 1.46136409746560e+01 -3.72349499457681e+01 0.00000000000000e+00
70 1.73553495647025e+01 -3.60387547160967e+01 0.00000000000000e+00
71 2.00000000000002e+01 -3.46410161513775e+01 0.00000000000000e+00
72 2.25328023225450e+01 -3.30495509726397e+01 0.00000000000000e+00
73 2.49395920743495e+01 -3.12732592987211e+01 0.00000000000000e+00
74 2.72069095108370e+01 -2.93220748731929e+01 0.00000000000000e+00
75 2.93220748731932e+01 -2.72069095108366e+01 0.00000000000000e+00
76 3.12732592987214e+01 -2.49395920743491e+01 0.00000000000000e+00
77 3.30495509726399e+01 -2.25328023225447e+01 0.00000000000000e+00
78 3.46410161513776e+01 -1.99999999999998e+01 0.00000000000000e+00
79 3.60387547160969e+01 -1.73553495647021e+01 0.00000000000000e+00
80 3.72349499457682e+01 -1.46136409746556e+01 0.00000000000000e+00
81 3.82229122314457e+01 -1.17902069764359e+01 0.00000000000000e+00
82 3.89971164872730e+01 -8.90083735825238e+00 0.00000000000000e+00
83 3.95532330490052e+01 -5.96169064704680e+00 0.00000000000000e+00
84 3.98881518872472e+01 -2.98920374345681e+00 0.00000000000000e+00
85 3.69080492300505e+01 2.85314677841453e+00 0.00000000000000e+00
86 3.72785752743993e+01 3.22188525383149e-01 0.00000000000000e+00
87 3.64079803901426e+01 5.63906546644851e+00 0.00000000000000e+00
88 3.57854112996552e+01 8.43056651391349e+00 0.00000000000000e+00
89 3.50076513067346e+01 1.11865131451704e+01 0.00000000000000e+00
90 3.40466942581929e+01 1.38880104179919e+01 0.00000000000000e+00
91 3.28847068252543e+01 1.65115655067588e+01 0.00000000000000e+00
92 3.15324430197197e+01 1.90501890248951e+01 0.00000000000000e+00
93 2.99945618643542e+01 2.15006197750389e+01 0.00000000000000e+00
94 2.82633543520807e+01 2.38934421162472e+01 0.00000000000000e+00
95 2.63336186452144e+01 2.63223832113552e+01 0.00000000000000e+00
96 2.32307588318078e+01 2.90722754030281e+01 0.00000000000000e+00
97 2.08889421909315e+01 3.10131613442184e+01 0.00000000000000e+00
98 1.88140552115559e+01 3.26231234081388e+01 0.00000000000000e+00
99 1.71547558518180e+01 3.38043119945914e+01 0.00000000000000e+00
100 1.42937473311316e+01 3.51033227995257e+01 0.00000000000000e+00
101 1.19652648830212e+01 3.52966725592878e+01 0.00000000000000e+00
102 6.96686476435395e+00 3.63275834785713e+01 0.00000000000000e+00
103 4.89498814777544e+00 3.67399096014409e+01 0.00000000000000e+00
104 2.29165502894566e+00 3.70118063937899e+01 0.00000000000000e+00
105 -5.19468424739854e-01 3.71009789227490e+01 0.00000000000000e+00
106 -3.40000616348888e+00 3.69846437843773e+01 0.00000000000000e+00
107 -6.28914665067019e+00 3.66490267875991e+01 0.00000000000000e+00
108 -9.16404658047500e+00 3.61170635383807e+01 0.00000000000000e+00
109 -1.20265953033720e+01 3.54336891372170e+01 0.00000000000000e+00
110 -1.49448480249608e+01 3.46640596437437e+01 0.00000000000000e+00
111 -1.72649111520901e+01 3.37232853946481e+01 0.00000000000000e+00
112 -1.89036946302997e+01 3.28516298619807e+01 0.00000000000000e+00
113 -2.28438437289368e+01 2.84204426477600e+01 0.00000000000000e+00
114 -2.04268197311731e+01 2.98092321826574e+01 0.00000000000000e+00
115 -2.50269485746098e+01 2.67010005744263e+01 0.00000000000000e+00
116 -2.70511550673946e+01 2.47577411766257e+01 0.00000000000000e+00
117 -2.89093105888209e+01 2.26187066693374e+01 0.00000000000000e+00
118 -3.06157481618767e+01 2.03278063555458e+01 0.00000000000000e+00
119 -3.21431703515178e+01 1.78940541749382e+01 0.00000000000000e+00
120 -3.34935705040181e+01 1.53379979707831e+01 0.00000000000000e+00
121 -3.46644445894864e+01 1.26661356494828e+01 0.00000000000000e+00
122 -3.56739004670734e+01 9.86333481674680e+00 0.00000000000000e+00
123 -3.65994392142425e+01 6.88554368866603e+00 0.00000000000000e+00
124 -3.71407013949689e+01 2.73130404142161e+00 0.00000000000000e+00
125 -3.74227182858867e+01 -2.87724349302051e-01 0.00000000000000e+00
126 -3.75601122539849e+01 -2.89662663530475e+00 0.00000000000000e+00
127 -3.75873014659686e+01 -4.92273318471232e+00 0.00000000000000e+00
128 -3.68698018021780e+01 -8.12481517213946e+00 0.00000000000000e+00
129 -3.52545935476009e+01 -1.04470221507326e+01 0.00000000000000e+00
130 -3.43855035315806e+01 -1.35097605618959e+01 0.00000000000000e+00
131 -3.32557774946662e+01 -1.62599946906351e+01 0.00000000000000e+00
132 -3.19106243576979e+01 -1.88521412600359e+01 0.00000000000000e+00
133 -3.03654647341619e+01 -2.13127896199399e+01 0.00000000000000e+00
134 -2.86363664239786e+01 -2.36513355111368e+01 0.00000000000000e+00
135 -2.67353839286680e+01 -2.58570935291522e+01 0.00000000000000e+00
136 -2.46900056458899e+01 -2.79346314548891e+01 0.00000000000000e+00
137 -2.25271567073133e+01 -2.99103409658999e+01 0.00000000000000e+00
138 -2.02348030229353e+01 -3.18931858560677e+01 0.00000000000000e+00
139 -1.81562578557158e+01 -3.32710231343018e+01 0.00000000000000e+00
140 -1.65138596190366e+01 -3.41114780240911e+01 0.00000000000000e+00
141 -1.06309851487684e+01 -3.48771023817451e+01 0.00000000000000e+00
142 -1.31621461062102e+01 -3.36519291353663e+01 0.00000000000000e+00
143 -7.96830995586858e+00 -3.57190933611020e+01 0.00000000000000e+00
144 -5.21318389957662e+00 -3.62994628097198e+01 0.00000000000000e+00
145 -2.39600950589841e+00 -3.66330802831843e+01 0.00000000000000e+00
146 4.58652157580719e-01 -3.67532517761714e+01 0.00000000000000e+00
147 3.32770010403271e+00 -3.66439940033601e+01 0.00000000000000e+00
148 6.19805061508039e+00 -3.63180701649521e+01 0.00000000000000e+00
149 9.06460987040090e+00 -3.57782836758356e+01 0.00000000000000e+00
150 1.19499267295318e+01 -3.50312567110067e+01 0.00000000000000e+00
151 1.49275651386286e+01 -3.41154008516773e+01 0.00000000000000e+00
152 1.86375990680000e+01 -3.22120129629619e+01 0.00000000000000e+00
153 2.12873848280832e+01 -3.07340771555015e+01 0.00000000000000e+00
154 2.35300447812163e+01 -2.93853131556246e+01 0.00000000000000e+00
155 2.52248610426575e+01 -2.82681955956289e+01 0.00000000000000e+00
156 2.74723423819627e+01 -2.58796781596887e+01 0.00000000000000e+00
157 2.84721209772280e+01 -2.32479916173381e+01 0.00000000000000e+00
158 3.05213227131883e+01 -2.08111931153996e+01 0.00000000000000e+00
159 3.21572532795769e+01 -1.83345401242125e+01 0.00000000000000e+00
160 3.35410301898803e+01 -1.57683631445317e+01 0.00000000000000e+00
161 3.47095313530566e+01 -1.31080722284806e+01 0.00000000000000e+00
162 3.56894711779066e+01 -1.03574526713878e+01 0.00000000000000e+00
163 3.65066992545582e+01 -7.51152148573466e+00 0.00000000000000e+00
164 3.72775273522693e+01 -4.51128100153073e+00 0.00000000000000e+00
165 3.74120117092020e+01 -1.83177716721743e+00 0.00000000000000e+00
166 -1.78048077342682e+01 3.08128566184292e+01 0.00000000000000e+00
167 -1.54839966979755e+01 -3.20538451766302e+01 0.00000000000000e+00
168 3.32713784666419e+01 5.22153948549906e+00 0.00000000000000e+00
169 3.38148115381410e+01 2.29584475828741e+00 0.00000000000000e+00
170 3.10183884680924e+01 1.31157379537087e+01 0.00000000000000e+00
171 3.19183090162825e+01 1.05345926724999e+01 0.00000000000000e+00
172 2.98944648908293e+01 1.56071467082776e+01 0.00000000000000e+00
173 2.85934115113815e+01 1.80329231428181e+01 0.00000000000000e+00
174 2.70993801584220e+01 2.03855718551685e+01 0.00000000000000e+00
175 2.54034268918945e+01 2.27029184480721e+01 0.00000000000000e+00
176 2.34502184664718e+01 2.49864811421649e+01 0.00000000000000e+00
177 2.11762560177159e+01 2.72144761199855e+01 0.00000000000000e+00
178 1.90688390567485e+01 2.91312336356264e+01 0.00000000000000e+00
179 1.70899027012181e+01 3.08985331550466e+01 0.00000000000000e+00
180 1.52626158681289e+01 3.28214182493258e+01 0.00000000000000e+00
181 7.17803580881492e+00 3.33983932679986e+01 0.00000000000000e+00
182 9.61995059198398e+00 3.28811373729447e+01 0.00000000000000e+00
183 4.56414541396851e+00 3.39010449112759e+01 0.00000000000000e+00
184 1.85757328369803e+00 3.41661653440439e+01 0.00000000000000e+00
185 -8.99716709883429e-01 3.42394144566209e+01 0.00000000000000e+00
186 -3.69581376093685e+00 3.41331117148243e+01 0.00000000000000e+00
187 -6.50243149519963e+00 3.38202284911543e+01 0.00000000000000e+00
188 -9.31130738837041e+00 3.33597421331544e+01 0.00000000000000e+00
189 -1.21482170301352e+01 3.28337964330134e+01 0.00000000000000e+00
190 -1.53254701526100e+01 3.23928581208357e+01 0.00000000000000e+00
191 -2.48626057166817e+01 2.24845295714850e+01 0.00000000000000e+00
192 -2.29480864907680e+01 2.42772924046905e+01 0.00000000000000e+00
193 -2.09081005353990e+01 2.58766534974107e+01 0.00000000000000e+00
194 -1.87270645129308e+01 2.72951647123294e+01 0.00000000000000e+00
195 -2.82452124244004e+01 1.82902289926269e+01 0.00000000000000e+00
196 -2.65952765555936e+01 2.04503537979287e+01 0.00000000000000e+00
197 -2.96990438206285e+01 1.59491025843783e+01 0.00000000000000e+00
198 -3.10016255301040e+01 1.34762379611523e+01 0.00000000000000e+00
199 -3.21274962374936e+01 1.08650357184159e+01 0.00000000000000e+00
200 -3.31047981307586e+01 8.10265105627083e+00 0.00000000000000e+00
201 -3.39188274730364e+01 5.15132049667538e+00 0.00000000000000e+00
202 -3.45178874605174e+01 1.99118476162170e+00 0.00000000000000e+00
203 -3.49361407578271e+01 -7.92734463064453e-01 0.00000000000000e+00
204 -3.52207281128813e+01 -3.38243594337315e+00 0.00000000000000e+00
205 -3.56369331607893e+01 -5.90413309982752e+00 0.00000000000000e+00
206 -3.15974245234217e+01 -1.25763166445931e+01 0.00000000000000e+00
207 -3.23813558259232e+01 -9.80364369476399e+00 0.00000000000000e+00
208 -3.05343990342336e+01 -1.51902662199171e+01 0.00000000000000e+00
209 -2.92553213473276e+01 -1.76825950347640e+01 0.00000000000000e+00
210 -2.77634578903982e+01 -2.00452281748666e+01 0.00000000000000e+00
211 -2.61049486323401e+01 -2.23100302878766e+01 0.00000000000000e+00
212 -2.42852712145711e+01 -2.44569827015899e+01 0.00000000000000e+00
213 -2.23535864642280e+01 -2.65199536087551e+01 0.00000000000000e+00
214 -2.03463501042205e+01 -2.85648119431654e+01 0.00000000000000e+00
215 -1.81777814501564e+01 -3.09228898693926e+01 0.00000000000000e+00
216 -4.56936914441405e+00 -3.32234153697085e+01 0.00000000000000e+00
217 -7.15874659919718e+00 -3.26351804738976e+01 0.00000000000000e+00
218 -9.67244107777131e+00 -3.18219815137302e+01 0.00000000000000e+00
219 -1.21135303013663e+01 -3.07931084065757e+01 0.00000000000000e+00
220 8.08234081344291e-01 -3.36751058699293e+01 0.00000000000000e+00
221 -1.90932291755097e+00 -3.35277189733576e+01 0.00000000000000e+00
222 3.55622635749982e+00 -3.35547112308737e+01 0.00000000000000e+00
223 6.33222162573062e+00 -3.32254494971896e+01 0.00000000000000e+00
224 9.12421558512453e+00 -3.26734071350773e+01 0.00000000000000e+00
225 1.19524008854473e+01 -3.19127289753350e+01 0.00000000000000e+00
226 1.48224150751827e+01 -3.09053185985043e+01 0.00000000000000e+00
227 1.77248229452808e+01 -2.95866678030126e+01 0.00000000000000e+00
228 2.02501194944603e+01 -2.83156315239854e+01 0.00000000000000e+00
229 2.25821730102522e+01 -2.71104356765040e+01 0.00000000000000e+00
230 2.49268443688832e+01 -2.60788060609725e+01 0.00000000000000e+00
231 2.81646485385089e+01 -1.90453888033546e+01 0.00000000000000e+00
232 2.63073849138965e+01 -2.12180014418154e+01 0.00000000000000e+00
233 2.97273098570919e+01 -1.67099102731121e+01 0.00000000000000e+00
234 3.10697261136417e+01 -1.42590191758867e+01 0.00000000000000e+00
235 3.21996222271840e+01 -1.17023617800584e+01 0.00000000000000e+00
236 3.31800741294641e+01 -9.04781394968447e+00 0.00000000000000e+00
237 3.40525499571853e+01 -6.26406320180473e+00 0.00000000000000e+00
238 3.51148466054757e+01 -3.07023012043072e+00 0.00000000000000e+00
239 3.46442043157819e+01 -1.12842465532669e-01 0.00000000000000e+00
240 3.26485671064851e+01 7.90892982304459e+00 0.00000000000000e+00
241 1.25873872962430e+01 3.14902572900365e+01 0.00000000000000e+00
242 -3.29494298218374e+01 -6.92759328731502e+00 0.00000000000000e+00
243 2.42329392301491e+01 -2.32406412513741e+01 0.00000000000000e+00
244 -1.64397567430975e+01 2.86021528279483e+01 0.00000000000000e+00
245 -1.44924901091240e+01 -2.96631090125516e+01 0.00000000000000e+00
246 2.57863476761554e+01 1.69059041716008e+01 0.00000000000000e+00
247 2.70142817272816e+01 1.45999516137483e+01 0.00000000000000e+00
248 2.80598999168672e+01 1.22410489092899e+01 0.00000000000000e+00
249 2.27781983229327e+01 2.13268576015358e+01 0.00000000000000e+00
250 2.43529443559465e+01 1.91150208827914e+01 0.00000000000000e+00
251 2.10015676770786e+01 2.34094438056318e+01 0.00000000000000e+00
252 1.91063874680898e+01 2.53946334176307e+01 0.00000000000000e+00
253 1.71880913154267e+01 2.72378828149464e+01 0.00000000000000e+00
254 1.51817582641290e+01 2.90852111593156e+01 0.00000000000000e+00
255 1.48482227759295e+00 3.13049296016328e+01 0.00000000000000e+00
256 4.09802385119826e+00 3.09732567886140e+01 0.00000000000000e+00
257 6.60448616228639e+00 3.04014387578974e+01 0.00000000000000e+00
258 9.01103834913234e+00 2.95819708061975e+01 0.00000000000000e+00
259 -3.87256874071807e+00 3.13143107241123e+01 0.00000000000000e+00
260 -1.17710400482308e+00 3.13586586234096e+01 0.00000000000000e+00
261 -6.57273343391478e+00 3.10408626838575e+01 0.00000000000000e+00
262 -9.27876126432356e+00 3.06614586924354e+01 0.00000000000000e+00
263 -1.19552094133262e+01 3.02482965123405e+01 0.00000000000000e+00
264 -1.43050968625095e+01 3.00313137598198e+01 0.00000000000000e+00
265 -2.26916451454222e+01 2.03079369165911e+01 0.00000000000000e+00
266 -2.09147332423867e+01 2.19890711031220e+01 0.00000000000000e+00
267 -2.85125025544925e+01 1.17675660735259e+01 0.00000000000000e+00
268 -2.72479172749455e+01 1.41362148113171e+01 0.00000000000000e+00
269 -1.90439703979509e+01 2.35188601505258e+01 0.00000000000000e+00
270 -2.95158064259649e+01 -9.11419544937476e+00 0.00000000000000e+00
271 -2.99432244576698e+01 -6.51499424465423e+00 0.00000000000000e+00
272 -2.58564788471694e+01 1.63598244500611e+01 0.00000000000000e+00
273 -3.05327374844900e+01 6.62644438135869e+00 0.00000000000000e+00
274 -2.95641590986321e+01 9.25414655766611e+00 0.00000000000000e+00
275 -3.13190796729860e+01 3.92044538608875e+00 0.00000000000000e+00
276 -3.19805641447161e+01 1.22485613434563e+00 0.00000000000000e+00
277 -3.25105953949519e+01 -1.28814862901353e+00 0.00000000000000e+00
278 -3.27065258760226e+01 -3.87362823178366e+00 0.00000000000000e+00
279 -2.66527304926115e+01 -1.64605560099054e+01 0.00000000000000e+00
280 -2.78330156364799e+01 -1.40880990827508e+01 0.00000000000000e+00
281 -2.87659655166631e+01 -1.16222147367916e+01 0.00000000000000e+00
282 -2.36752408371699e+01 -2.08866632976976e+01 0.00000000000000e+00
283 -2.52141701922890e+01 -1.86848172921106e+01 0.00000000000000e+00
284 -2.19620747782967e+01 -2.29612779001958e+01 0.00000000000000e+00
285 -2.01752556389236e+01 -2.49908025529117e+01 0.00000000000000e+00
286 -1.83756720773628e+01 -2.69802101181459e+01 0.00000000000000e+00
287 -1.68744357308101e+01 -2.87498093422309e+01 0.00000000000000e+00
288 -4.00917623547711e+00 -3.02340259851493e+01 0.00000000000000e+00
289 -6.44671759129104e+00 -2.96506837835594e+01 0.00000000000000e+00
290 6.33002338444848e+00 -3.02372761886007e+01 0.00000000000000e+00
291 3.65535515705265e+00 -3.05775064336975e+01 0.00000000000000e+00
292 -8.83541883751574e+00 -2.88850761199367e+01 0.00000000000000e+00
293 2.41111465558836e+01 -1.91941313275980e+01 0.00000000000000e+00
294 2.22085195934382e+01 -2.08572200724514e+01 0.00000000000000e+00
295 1.04151447348587e+00 -3.07097015686006e+01 0.00000000000000e+00
296 1.16918164798741e+01 -2.89451113655921e+01 0.00000000000000e+00
297 8.99318847231213e+00 -2.96582993196134e+01 0.00000000000000e+00
298 1.43042997994654e+01 -2.80273453381256e+01 0.00000000000000e+00
299 1.68294434921244e+01 -2.69666853342697e+01 0.00000000000000e+00
300 1.92047885156219e+01 -2.58305678394576e+01 0.00000000000000e+00
301 2.15376228723344e+01 -2.46139928676663e+01 0.00000000000000e+00
302 2.85824816625149e+01 -1.28310683411443e+01 0.00000000000000e+00
303 2.72796707927444e+01 -1.51232460246565e+01 0.00000000000000e+00
304 2.57627030900625e+01 -1.72360167236527e+01 0.00000000000000e+00
305 3.06183311238153e+01 -7.91974434028577e+00 0.00000000000000e+00
306 2.96413164424874e+01 -1.04128070060915e+01 0.00000000000000e+00
307 3.14238432260890e+01 -5.37192200007042e+00 0.00000000000000e+00
308 3.21155207670412e+01 -2.80549211113025e+00 0.00000000000000e+00
309 3.23759135403338e+01 -5.33223189956177e-01 0.00000000000000e+00
310 2.95864260741325e+01 7.40543036107018e+00 0.00000000000000e+00
311 3.00335032105774e+01 4.93203178685632e+00 0.00000000000000e+00
312 3.02294678292878e+01 2.41765587045292e+00 0.00000000000000e+00
313 2.88915925114105e+01 9.82555959473420e+00 0.00000000000000e+00
314 1.13726560138156e+01 2.83519791221446e+01 0.00000000000000e+00
315 -2.43107015815502e+01 1.83954848230712e+01 0.00000000000000e+00
316 -1.70385386834323e+01 2.49253875218438e+01 0.00000000000000e+00
317 -1.50872082935350e+00 -3.05548157217823e+01 0.00000000000000e+00
318 -1.12004099232830e+01 -2.79451787117506e+01 0.00000000000000e+00
319 2.99410366161613e+01 -1.06404206114958e-02 0.00000000000000e+00
320 -1.46902390704864e+01 2.62839030628607e+01 0.00000000000000e+00
321 1.35275406821957e+01 2.68163830266475e+01 0.00000000000000e+00
322 -3.00948989153107e+01 -3.90356877077106e+00 0.00000000000000e+00
323 -1.36154925054302e+01 -2.68715767475597e+01 0.00000000000000e+00
324 2.01162943962939e+01 -2.22348826185629e+01 0.00000000000000e+00
325 8.16568758547094e+00 2.66881594315926e+01 0.00000000000000e+00
326 1.02480615013440e+01 2.56529498793892e+01 0.00000000000000e+00
327 2.03308158074392e+01 1.98097952561663e+01 0.00000000000000e+00
328 2.17628189510787e+01 1.77490870185054e+01 0.00000000000000e+00
329 1.87659228042074e+01 2.17483963131085e+01 0.00000000000000e+00
330 1.54266654849218e+01 2.52827423621099e+01 0.00000000000000e+00
331 -2.35064904673669e+01 1.45393445820948e+01 0.00000000000000e+00
332 -2.20594946965046e+01 1.64510518920240e+01 0.00000000000000e+00
333 1.12255680794936e+00 2.84201397412109e+01 0.00000000000000e+00
334 3.58133233290898e+00 2.80683945962915e+01 0.00000000000000e+00
335 -9.12240813260708e+00 2.80027631989007e+01 0.00000000000000e+00
336 -6.50828701254393e+00 2.83163226806819e+01 0.00000000000000e+00
337 5.91851882447862e+00 2.74643504122287e+01 0.00000000000000e+00
338 -3.94083413231498e+00 2.84995609656901e+01 0.00000000000000e+00
339 -1.19153207350398e+01 2.76505788311383e+01 0.00000000000000e+00
340 -1.39682017748441e+00 2.85072031140147e+01 0.00000000000000e+00
341 -2.59847447496532e+01 1.01905482142523e+01 0.00000000000000e+00
342 -2.47794422102563e+01 1.24185677022037e+01 0.00000000000000e+00
343 -2.51690232352585e+01 -1.29654414804684e+01 0.00000000000000e+00
344 -2.60373250554244e+01 -1.06764164211758e+01 0.00000000000000e+00
345 -1.15781010728530e+00 -2.77420682299371e+01 0.00000000000000e+00
346 -3.47847800161646e+00 -2.73255639956674e+01 0.00000000000000e+00
347 -2.70032704450935e+01 7.82393692389197e+00 0.00000000000000e+00
348 -2.66963203106840e+01 -8.35347596836761e+00 0.00000000000000e+00
349 -2.71367641463728e+01 -5.98378144177417e+00 0.00000000000000e+00
350 -1.72150510508942e+01 2.13144694406833e+01 0.00000000000000e+00
351 -1.55778299605638e+01 2.26555135119618e+01 0.00000000000000e+00
352 -2.79263896284559e+01 5.38459725478352e+00 0.00000000000000e+00
353 -2.87578522016164e+01 2.90505239976827e+00 0.00000000000000e+00
354 -3.02797520068881e+01 -1.56296712062164e+00 0.00000000000000e+00
355 1.19297506626609e+00 -2.79548839883236e+01 0.00000000000000e+00
356 -2.40403823453243e+01 -1.51633032464226e+01 0.00000000000000e+00
357 -1.63342117404994e+01 -2.55204016012876e+01 0.00000000000000e+00
358 -1.80805883502819e+01 -2.33761888852549e+01 0.00000000000000e+00
359 -1.97371654670746e+01 -2.13719552506109e+01 0.00000000000000e+00
360 -2.13087721621999e+01 -1.93546883067956e+01 0.00000000000000e+00
361 -2.27355414807959e+01 -1.72759893472503e+01 0.00000000000000e+00
362 6.16703778224335e+00 -2.73228880951467e+01 0.00000000000000e+00
363 3.62896790987322e+00 -2.77152862373044e+01 0.00000000000000e+00
364 2.48274901154271e+01 -1.35717159096499e+01 0.00000000000000e+00
365 2.34421132834848e+01 -1.55086425423188e+01 0.00000000000000e+00
366 2.70792981076703e+01 -9.20999569492150e+00 0.00000000000000e+00
367 2.59977876134825e+01 -1.14315535425989e+01 0.00000000000000e+00
368 8.69763876619810e+00 -2.67578721889664e+01 0.00000000000000e+00
369 2.19495201765369e+01 -1.72365121390893e+01 0.00000000000000e+00
370 2.03631281876790e+01 -1.87513582557240e+01 0.00000000000000e+00
371 -8.03322861603821e+00 -2.60312574407404e+01 0.00000000000000e+00
372 -1.02641433568676e+01 -2.51573696246865e+01 0.00000000000000e+00
373 1.11862931051982e+01 -2.60976430741694e+01 0.00000000000000e+00
374 1.35835331910255e+01 -2.53275660021567e+01 0.00000000000000e+00
375 1.80244431309658e+01 -2.34061155157756e+01 0.00000000000000e+00
376 2.94526379908499e+01 -2.25925637811481e+00 0.00000000000000e+00
377 2.87817700801855e+01 -4.57452876204114e+00 0.00000000000000e+00
378 2.79724576904097e+01 -6.90476221577533e+00 0.00000000000000e+00
379 2.52107392858340e+01 1.13182038318655e+01 0.00000000000000e+00
380 2.59835478262033e+01 9.06778919971133e+00 0.00000000000000e+00
381 2.66040741340328e+01 6.81084924837022e+00 0.00000000000000e+00
382 2.70516756978583e+01 4.54120554915551e+00 0.00000000000000e+00
383 -5.77294918161912e+00 -2.67375287942114e+01 0.00000000000000e+00
384 1.71443049528903e+01 2.35806912229323e+01 0.00000000000000e+00
385 2.42111426238386e+01 1.35063631444420e+01 0.00000000000000e+00
386 -2.05166533906519e+01 1.82110698765705e+01 0.00000000000000e+00
387 2.30442177229574e+01 1.56390182802043e+01 0.00000000000000e+00
388 -1.88733119428389e+01 1.98233463112528e+01 0.00000000000000e+00
389 -2.95037544517664e+01 4.93787696318011e-01 0.00000000000000e+00
390 1.58485622893126e+01 -2.44426452394130e+01 0.00000000000000e+00
391 2.73780754940433e+01 2.29719731383814e+00 0.00000000000000e+00
392 2.76616228075835e+01 2.04560891287299e-01 0.00000000000000e+00
393 1.22008795742826e+01 2.45679052549620e+01 0.00000000000000e+00
394 -2.72945546079966e+01 -3.37835399349765e+00 0.00000000000000e+00
395 -1.31932668331061e+01 2.39866556613968e+01 0.00000000000000e+00
396 1.85810662287135e+01 -2.00925474949342e+01 0.00000000000000e+00
397 -1.25127926583188e+01 -2.42415926741991e+01 0.00000000000000e+00
398 2.15113492668770e+01 1.23632043478606e+01 0.00000000000000e+00
399 2.24090343577828e+01 1.03164656385446e+01 0.00000000000000e+00
400 1.66857002238815e+01 2.01527151006540e+01 0.00000000000000e+00
401 1.80267320339072e+01 1.82808979038148e+01 0.00000000000000e+00
402 1.39538705566761e+01 2.34822001765695e+01 0.00000000000000e+00
403 -2.11703562043725e+01 1.28116512709984e+01 0.00000000000000e+00
404 -1.98117964309112e+01 1.45794731879545e+01 0.00000000000000e+00
405 1.24894619607650e+00 -2.55749929797282e+01 0.00000000000000e+00
406 -7.49865040057404e-01 -2.49968029449260e+01 0.00000000000000e+00
407 -2.03965698333974e+01 -1.58769281582704e+01 0.00000000000000e+00
408 -2.15390201109845e+01 -1.38783559332428e+01 0.00000000000000e+00
409 -2.72274953705733e+01 -5.30719485886103e-01 0.00000000000000e+00
410 -2.62184880732677e+01 1.97243187491264e+00 0.00000000000000e+00
411 -6.33144437040091e+00 2.56791331394700e+01 0.00000000000000e+00
412 -3.96183666585213e+00 2.57772356299045e+01 0.00000000000000e+00
413 3.09535117172740e+00 2.52477664157248e+01 0.00000000000000e+00
414 5.28601870655090e+00 2.46863873757405e+01 0.00000000000000e+00
415 -1.09679856462860e+01 2.47571690407783e+01 0.00000000000000e+00
416 -1.58005850189063e+00 2.57279021369334e+01 0.00000000000000e+00
417 7.76577873390688e-01 2.55425628081441e+01 0.00000000000000e+00
418 -2.34481658182562e+01 8.75913591548404e+00 0.00000000000000e+00
419 -2.23441676450060e+01 1.08370780209768e+01 0.00000000000000e+00
420 -2.33600501052314e+01 -9.68969578285414e+00 0.00000000000000e+00
421 -2.39947756993048e+01 -7.56709957747640e+00 0.00000000000000e+00
422 -2.25056398120616e+01 -1.18015250489262e+01 0.00000000000000e+00
423 -2.44214800779674e+01 6.56967666404482e+00 0.00000000000000e+00
424 -2.45431009753965e+01 -5.61673391590964e+00 0.00000000000000e+00
425 -2.53249990379026e+01 4.32024289075975e+00 0.00000000000000e+00
426 -1.67631158754185e+01 1.78096603115861e+01 0.00000000000000e+00
427 -1.50210025972058e+01 1.94178778894015e+01 0.00000000000000e+00
428 1.67689553818900e+01 -2.11795266576482e+01 0.00000000000000e+00
429 1.48770409577528e+01 -2.21440059066925e+01 0.00000000000000e+00
430 -1.75884592932454e+01 -1.97098817677826e+01 0.00000000000000e+00
431 -1.90558878146676e+01 -1.78020662375257e+01 0.00000000000000e+00
432 2.53936261743369e+01 -5.92796320032401e+00 0.00000000000000e+00
433 2.44804578437187e+01 -8.05152372381322e+00 0.00000000000000e+00
434 1.28103046296297e+01 -2.28169641202212e+01 0.00000000000000e+00
435 1.92884220182754e+01 1.63387846005377e+01 0.00000000000000e+00
436 2.04420430683752e+01 1.43552973064483e+01 0.00000000000000e+00
437 -1.47428879226743e+01 -2.33706294314427e+01 0.00000000000000e+00
438 -1.60717979855707e+01 -2.15699623842671e+01 0.00000000000000e+00
439 5.84305733959571e+00 -2.44643933883831e+01 0.00000000000000e+00
440 3.43680517471404e+00 -2.49659862097881e+01 0.00000000000000e+00
441 2.11434473218860e+01 -1.38722212217913e+01 0.00000000000000e+00
442 1.98803994519068e+01 -1.54781372594998e+01 0.00000000000000e+00
443 2.69224149059637e+01 -1.68667140813974e+00 0.00000000000000e+00
444 2.61971294906279e+01 -3.78689822242512e+00 0.00000000000000e+00
445 8.24895826100322e+00 -2.39395243388933e+01 0.00000000000000e+00
446 1.87293612245187e+01 -1.68778395847346e+01 0.00000000000000e+00
447 1.05738623801331e+01 -2.34061853466126e+01 0.00000000000000e+00
448 -5.09982516598988e+00 -2.39608361264911e+01 0.00000000000000e+00
449 -7.22126594215687e+00 -2.32184209532399e+01 0.00000000000000e+00
450 2.37595609050218e+01 6.13738431573559e+00 0.00000000000000e+00
451 2.41615117133122e+01 3.97755056100833e+00 0.00000000000000e+00
452 2.44665805431347e+01 1.73712559993509e+00 0.00000000000000e+00
453 2.31465605912701e+01 8.23116917250565e+00 0.00000000000000e+00
454 1.53414689857953e+01 2.19184248579772e+01 0.00000000000000e+00
455 -8.63920868299875e+00 2.54078050798564e+01 0.00000000000000e+00
456 -2.91164976364476e+00 -2.45250376732511e+01 0.00000000000000e+00
457 -1.83244729122090e+01 1.62151155711676e+01 0.00000000000000e+00
458 2.34595029456591e+01 -1.01011272249715e+01 0.00000000000000e+00
459 2.23288431507749e+01 -1.20387331957691e+01 0.00000000000000e+00
460 7.35881341622309e+00 2.39278046112755e+01 0.00000000000000e+00
461 9.34639883577033e+00 2.30792512438181e+01 0.00000000000000e+00
462 -1.31974319292178e+01 2.14908406852348e+01 0.00000000000000e+00
463 -9.33866927318951e+00 -2.23617949779332e+01 0.00000000000000e+00
464 -2.46345855943037e+01 -3.04640545822596e+00 0.00000000000000e+00
465 1.70236505801174e+01 -1.83227498052818e+01 0.00000000000000e+00
466 -1.01060056742114e+01 2.21671492103972e+01 0.00000000000000e+00
467 -1.15246149214951e+01 -2.13985761650657e+01 0.00000000000000e+00
468 2.46917464579369e+01 -7.70139396718563e-01 0.00000000000000e+00
469 1.12804090095864e+01 2.23655627505556e+01 0.00000000000000e+00
470 2.09429956060068e+01 -8.81207551907509e+00 0.00000000000000e+00
471 1.98810270925358e+01 -1.06270644715889e+01 0.00000000000000e+00
472 -1.89648438746872e+01 1.12373274631671e+01 0.00000000000000e+00
473 -1.76543493215404e+01 1.27892811533258e+01 0.00000000000000e+00
474 -8.09750797340702e+00 2.32576020191871e+01 0.00000000000000e+00
475 -6.17202825879823e+00 2.33017841463779e+01 0.00000000000000e+00
476 2.65421523845372e+00 2.25108452323130e+01 0.00000000000000e+00
477 4.73064803868458e+00 2.20629696047799e+01 0.00000000000000e+00
478 -4.01859692395306e+00 2.32070193998708e+01 0.00000000000000e+00
479 1.97604153603050e+01 9.29455398307227e+00 0.00000000000000e+00
480 2.04977652598116e+01 7.38058275609652e+00 0.00000000000000e+00
481 2.14353463174992e+01 3.47406986558742e+00 0.00000000000000e+00
482 2.17179690752806e+01 1.44647072995661e+00 0.00000000000000e+00
483 1.79738043333852e+01 1.30806575572469e+01 0.00000000000000e+00
484 1.89125786978512e+01 1.11937813542338e+01 0.00000000000000e+00
485 -1.77488398646582e+00 2.30276589200872e+01 0.00000000000000e+00
486 4.59810382025467e-01 2.27871623845633e+01 0.00000000000000e+00
487 6.69088726746669e+00 2.12703087383169e+01 0.00000000000000e+00
488 8.73733931672767e+00 2.03782975088439e+01 0.00000000000000e+00
489 -1.62082091083935e+01 1.42329102125040e+01 0.00000000000000e+00
490 -2.35213252261727e+01 1.28038934801166e+00 0.00000000000000e+00
491 -2.27398330869657e+01 3.41371741637509e+00 0.00000000000000e+00
492 -2.14543703573686e+01 -6.46640632238685e+00 0.00000000000000e+00
493 -2.25324833728635e+01 -4.15501089813713e+00 0.00000000000000e+00
494 -2.18736828558169e+01 5.47252364585254e+00 0.00000000000000e+00
495 -1.55844711198493e+01 -1.80819444706924e+01 0.00000000000000e+00
496 -1.70101948398884e+01 -1.62930930331563e+01 0.00000000000000e+00
497 1.87522787830250e+01 -1.23751781842878e+01 0.00000000000000e+00
498 -1.45942445263865e+01 1.55970621707513e+01 0.00000000000000e+00
499 -1.27452688873159e+01 1.68969704217895e+01 0.00000000000000e+00
500 1.54954855746762e+01 -1.92125372374134e+01 0.00000000000000e+00
501 1.39854434266675e+01 -2.02590288662273e+01 0.00000000000000e+00
502 1.47163400227974e+01 1.87219279393429e+01 0.00000000000000e+00
503 1.58323477864879e+01 1.68537775345181e+01 0.00000000000000e+00
504 2.11162891232827e+01 5.45629607340141e+00 0.00000000000000e+00
505 -1.39668403500639e+01 -2.01439813585269e+01 0.00000000000000e+00
506 1.21503360984703e+01 -2.04853036891579e+01 0.00000000000000e+00
507 -6.41529553500936e+00 -2.05844424771388e+01 0.00000000000000e+00
508 -8.39294059605315e+00 -1.97791278655272e+01 0.00000000000000e+00
509 1.69306989948792e+01 1.49674196373816e+01 0.00000000000000e+00
510 -1.99638205567795e+01 -1.07046466678325e+01 0.00000000000000e+00
511 -2.06844034921016e+01 -8.62540554084772e+00 0.00000000000000e+00
512 5.40256038134836e+00 -2.15668860438033e+01 0.00000000000000e+00
513 2.89985225276438e+00 -2.19907423124489e+01 0.00000000000000e+00
514 2.19273763479125e+01 -6.91484723418450e+00 0.00000000000000e+00
515 7.78177106460524e+00 -2.11856835330659e+01 0.00000000000000e+00
516 1.75768996862730e+01 -1.41319181160494e+01 0.00000000000000e+00
517 1.65647371876749e+01 -1.62314372732068e+01 0.00000000000000e+00
518 1.00444209873923e+01 -2.08512099750572e+01 0.00000000000000e+00
519 -2.26637570567298e+00 -2.18619276482303e+01 0.00000000000000e+00
520 -4.41884982221605e+00 -2.13430746538418e+01 0.00000000000000e+00
521 1.29157068411937e+01 2.21157425088671e+01 0.00000000000000e+00
522 2.37327510987184e+01 -2.95257836000863e+00 0.00000000000000e+00
523 2.28665684362292e+01 -4.96974134569771e+00 0.00000000000000e+00
524 -2.42031795027900e+01 -9.27027621325302e-01 0.00000000000000e+00
525 1.35843285703292e+01 2.05268879169973e+01 0.00000000000000e+00
526 1.26574069914581e-01 -2.25098514664976e+01 0.00000000000000e+00
527 -1.99928585208031e+01 9.41078841911363e+00 0.00000000000000e+00
528 -1.91804184717144e+01 -1.26967201606589e+01 0.00000000000000e+00
529 -2.09539265140878e+01 7.47747335195758e+00 0.00000000000000e+00
530 -1.05417149789929e+01 1.81121662766599e+01 0.00000000000000e+00
531 -1.82793469511344e+01 -1.45552908134672e+01 0.00000000000000e+00
532 -1.03670495205835e+01 -1.89765868748465e+01 0.00000000000000e+00
533 1.41127727362490e+01 -1.71798775933169e+01 0.00000000000000e+00
534 -7.64299328949916e+00 1.90186557442646e+01 0.00000000000000e+00
535 -2.15822249981171e+01 -1.45285828573004e+00 0.00000000000000e+00
536 1.12050071338746e+01 1.95083149093046e+01 0.00000000000000e+00
537 2.20658756858332e+01 -5.30653411952554e-01 0.00000000000000e+00
538 4.21508013451982e+00 1.98186745106372e+01 0.00000000000000e+00
539 5.82716067292604e+00 1.87401619444535e+01 0.00000000000000e+00
540 -2.10390878974674e+01 7.27048317720045e-01 0.00000000000000e+00
541 -6.30850714968497e+00 2.13312002343716e+01 0.00000000000000e+00
542 1.72492367400016e+01 8.25523281498359e+00 0.00000000000000e+00
543 1.80358141438033e+01 6.48865219125910e+00 0.00000000000000e+00
544 -1.20847320601661e+01 -1.79586284381000e+01 0.00000000000000e+00
545 -1.38915161248558e+01 -1.62430171265053e+01 0.00000000000000e+00
546 -1.94734419742229e+01 4.46645622123225e+00 0.00000000000000e+00
547 -1.85785382983878e+01 6.31699457771383e+00 0.00000000000000e+00
548 -2.03453792033086e+01 2.63593834058723e+00 0.00000000000000e+00
549 -1.77582383893429e+01 8.15881597281468e+00 0.00000000000000e+00
550 1.74356199988503e+01 -9.20103919142358e+00 0.00000000000000e+00
551 1.62626988327439e+01 -1.07716818156697e+01 0.00000000000000e+00
552 -1.42307047554403e+01 1.22694618022028e+01 0.00000000000000e+00
553 -1.26851646813363e+01 1.34520400324697e+01 0.00000000000000e+00
554 -4.24716684497288e+00 2.07826757067834e+01 0.00000000000000e+00
555 -2.03844138104295e+00 2.03950521785849e+01 0.00000000000000e+00
556 -1.51918241784359e+01 -1.47731767166204e+01 0.00000000000000e+00
557 -1.10168288331715e+01 1.45526178767043e+01 0.00000000000000e+00
558 3.44590783923861e-01 -1.90598760383082e+01 0.00000000000000e+00
559 -1.89863890002245e+00 -1.90259278674901e+01 0.00000000000000e+00
560 -1.66019362866939e+01 -1.34802146522977e+01 0.00000000000000e+00
561 1.20184732599899e+01 -1.83993798425667e+01 0.00000000000000e+00
562 -5.65712356247238e+00 -1.80809937574346e+01 0.00000000000000e+00
563 -7.60842539530803e+00 -1.73252930888905e+01 0.00000000000000e+00
564 1.47017540228129e+01 1.36557510129311e+01 0.00000000000000e+00
565 1.57057938545783e+01 1.18780399247097e+01 0.00000000000000e+00
566 -1.56472163251708e+01 1.10325041806445e+01 0.00000000000000e+00
567 -1.73440090175340e+01 -9.84117772269255e+00 0.00000000000000e+00
568 -1.78509708218213e+01 -7.72101900317483e+00 0.00000000000000e+00
569 1.37128018889097e+01 1.55396833930989e+01 0.00000000000000e+00
570 1.95128648313389e+01 -5.83002621562329e+00 0.00000000000000e+00
571 1.84996954202337e+01 -7.53264651027211e+00 0.00000000000000e+00
572 -1.71218931697080e+01 9.92374202690032e+00 0.00000000000000e+00
573 1.49966756223166e+01 -1.22946255082641e+01 0.00000000000000e+00
574 1.36750643773246e+01 -1.38171775376905e+01 0.00000000000000e+00
575 9.73552765484941e+00 -1.84437563387524e+01 0.00000000000000e+00
576 7.45149480699974e+00 -1.85181553280654e+01 0.00000000000000e+00
577 -3.92532864788655e+00 -1.90468887431743e+01 0.00000000000000e+00
578 2.12500333301001e+01 -2.28518722072543e+00 0.00000000000000e+00
579 2.05096872811313e+01 -4.09386334671467e+00 0.00000000000000e+00
580 1.58100659896058e-01 2.00888000533454e+01 0.00000000000000e+00
581 2.25858043632608e+00 1.98753299257831e+01 0.00000000000000e+00
582 1.28883431619098e+01 1.75099192715819e+01 0.00000000000000e+00
583 5.09975026498374e+00 -1.86860782597929e+01 0.00000000000000e+00
584 2.72820125365573e+00 -1.88983045771070e+01 0.00000000000000e+00
585 1.89033761904920e+01 4.85915931179872e+00 0.00000000000000e+00
586 1.87918149175163e+01 2.97006164338957e+00 0.00000000000000e+00
587 -1.70124796522609e+01 -1.18445912334823e+01 0.00000000000000e+00
588 1.64985560260933e+01 1.00723169152485e+01 0.00000000000000e+00
589 1.89339603183147e+01 9.40950159462804e-01 0.00000000000000e+00
590 -1.83243822332736e+01 -5.57850830773025e+00 0.00000000000000e+00
591 -9.19481928389458e+00 1.54802318479779e+01 0.00000000000000e+00
592 7.63100172009967e+00 1.77037670194063e+01 0.00000000000000e+00
593 -1.86845140145341e+01 -3.41357761606276e+00 0.00000000000000e+00
594 1.91901190979775e+01 -1.34657449753590e+00 0.00000000000000e+00
595 9.61757027290881e+00 1.63189037683643e+01 0.00000000000000e+00
596 -7.02758134002003e+00 1.59570621759011e+01 0.00000000000000e+00
597 -1.88164104042346e+01 -1.30695570241800e+00 0.00000000000000e+00
598 1.23228960926230e+01 -1.52495420788081e+01 0.00000000000000e+00
599 -9.71883005807266e+00 -1.68633001182614e+01 0.00000000000000e+00
600 1.37961171104836e+01 1.08420341124670e+01 0.00000000000000e+00
601 1.41751523645473e+01 9.03670832862572e+00 0.00000000000000e+00
602 1.47680903719876e+01 7.19813118604121e+00 0.00000000000000e+00
603 1.54590468449438e+01 5.25522402926403e+00 0.00000000000000e+00
604 -1.16167218309104e-01 1.72483223560532e+01 0.00000000000000e+00
605 2.10331348644633e+00 1.69354344683512e+01 0.00000000000000e+00
606 -1.33651610752155e+01 -1.32375391212980e+01 0.00000000000000e+00
607 -1.51175103886955e+01 -1.17281492917650e+01 0.00000000000000e+00
608 4.46468102192877e+00 1.66945767914067e+01 0.00000000000000e+00
609 6.24239807224582e+00 1.55697075791940e+01 0.00000000000000e+00
610 2.55897993612353e+00 -1.59535296350625e+01 0.00000000000000e+00
611 3.03470410315231e-01 -1.60729395687410e+01 0.00000000000000e+00
612 1.63361963327505e+01 3.10133227610313e+00 0.00000000000000e+00
613 -2.39844103362665e+00 1.77062210070439e+01 0.00000000000000e+00
614 1.26508573301380e+01 1.24293047177100e+01 0.00000000000000e+00
615 -1.62777423953571e+01 5.14918398811204e+00 0.00000000000000e+00
616 -1.52671177602684e+01 6.99126604171764e+00 0.00000000000000e+00
617 1.50673694362257e+01 -7.84197152755612e+00 0.00000000000000e+00
618 1.38949018743334e+01 -9.31703115154698e+00 0.00000000000000e+00
619 -4.75082475473070e+00 1.82836757731409e+01 0.00000000000000e+00
620 -1.16828788441356e+01 -1.55430224532763e+01 0.00000000000000e+00
621 -1.09553471421694e+01 1.15218157222866e+01 0.00000000000000e+00
622 -9.60118279166895e+00 1.26565702151790e+01 0.00000000000000e+00
623 4.86126390262079e+00 -1.58493812266654e+01 0.00000000000000e+00
624 -1.98215855909985e+00 -1.60934754700519e+01 0.00000000000000e+00
625 -4.51067705634307e+00 -1.58689950480764e+01 0.00000000000000e+00
626 -6.84603005188401e+00 -1.45464111207592e+01 0.00000000000000e+00
627 7.26392778102834e+00 -1.58340993988027e+01 0.00000000000000e+00
628 -1.42368257403354e+01 9.08249269478730e+00 0.00000000000000e+00
629 -1.24580782925310e+01 1.03226555784942e+01 0.00000000000000e+00
630 -1.41300883452913e+01 -9.40209086663245e+00 0.00000000000000e+00
631 -1.48695436339919e+01 -6.84041538255726e+00 0.00000000000000e+00
632 1.15604391334557e+01 1.45351243529996e+01 0.00000000000000e+00
633 1.72885412810095e+01 -4.73727886319749e+00 0.00000000000000e+00
634 1.62013140505381e+01 -6.29077128343933e+00 0.00000000000000e+00
635 1.26529184041356e+01 -1.07902743595275e+01 0.00000000000000e+00
636 1.13718229627463e+01 -1.23663453936451e+01 0.00000000000000e+00
637 -1.90112979481284e+01 4.99251528936809e-01 0.00000000000000e+00
638 -1.83449654835526e+01 1.91748967956209e+00 0.00000000000000e+00
639 1.85625650811577e+01 -3.26915764596847e+00 0.00000000000000e+00
640 -1.74218450060836e+01 3.46025320597782e+00 0.00000000000000e+00
641 1.12893931992734e+01 -1.65680987305941e+01 0.00000000000000e+00
642 9.56069871037995e+00 -1.62432980926970e+01 0.00000000000000e+00
643 -8.39898714173920e+00 1.35405401056900e+01 0.00000000000000e+00
644 1.61612944109175e+01 8.12483201320765e-01 0.00000000000000e+00
645 -1.54031598525267e+01 -4.62297564145346e+00 0.00000000000000e+00
646 -1.58805210152343e+01 -2.51555881554385e+00 0.00000000000000e+00
647 1.02065654412637e+01 -1.41773989329127e+01 0.00000000000000e+00
648 -6.69084212851497e+00 1.39551403942348e+01 0.00000000000000e+00
649 -9.63301210299212e+00 -1.33763127522721e+01 0.00000000000000e+00
650 -1.64272114184192e+01 -5.70070701496797e-01 0.00000000000000e+00
651 1.63895362797965e+01 -1.27373076036649e+00 0.00000000000000e+00
652 8.15234544948631e+00 1.39176572051975e+01 0.00000000000000e+00
653 7.28983657277309e+00 -1.27383276448708e+01 0.00000000000000e+00
654 4.60215488905368e+00 -1.31589454787510e+01 0.00000000000000e+00
655 1.30419659044177e+01 -6.63070159013197e+00 0.00000000000000e+00
656 1.18682179845191e+01 -7.95472881029840e+00 0.00000000000000e+00
657 1.22507855435542e+01 6.41832632811832e+00 0.00000000000000e+00
658 1.26981493153747e+01 4.42286853490862e+00 0.00000000000000e+00
659 1.40834929857109e+01 -5.07451899077104e+00 0.00000000000000e+00
660 -2.72990586082140e+00 1.49180151833243e+01 0.00000000000000e+00
661 -5.43506690556927e-01 1.43885714530445e+01 0.00000000000000e+00
662 -1.74975491462961e+00 -1.35465841193660e+01 0.00000000000000e+00
663 -3.62837217844590e+00 -1.26119208795280e+01 0.00000000000000e+00
664 -1.43039632325140e+01 3.73777885746927e+00 0.00000000000000e+00
665 -1.30153235282858e+01 5.38713677242031e+00 0.00000000000000e+00
666 -4.86006555420430e+00 1.56591076103904e+01 0.00000000000000e+00
667 -9.02464910052235e+00 9.92138743386045e+00 0.00000000000000e+00
668 -7.98555931165911e+00 1.13538296319890e+01 0.00000000000000e+00
669 2.41118988810218e+00 -1.32789137857862e+01 0.00000000000000e+00
670 3.03307098159131e-01 -1.33577087263185e+01 0.00000000000000e+00
671 -5.69548675173523e+00 -1.16130534309702e+01 0.00000000000000e+00
672 1.63865464698478e+00 1.39527535488129e+01 0.00000000000000e+00
673 1.06049897201448e+01 -9.33389220406122e+00 0.00000000000000e+00
674 1.19212764822724e+01 8.62867203025350e+00 0.00000000000000e+00
675 -1.12522164338239e+01 -7.42316592751136e+00 0.00000000000000e+00
676 -1.21673834848629e+01 -5.42748486999293e+00 0.00000000000000e+00
677 -1.16933842036162e+01 7.02409172082732e+00 0.00000000000000e+00
678 -1.03075136011950e+01 8.50794704299636e+00 0.00000000000000e+00
679 -7.18074401600121e+00 1.26523129345247e+01 0.00000000000000e+00
680 9.48071762569490e+00 1.23510201712823e+01 0.00000000000000e+00
681 1.06734630870017e+01 1.06323083838950e+01 0.00000000000000e+00
682 1.54723230936267e+01 -3.38985953229642e+00 0.00000000000000e+00
683 -1.70664550237660e+01 1.09352331984400e+00 0.00000000000000e+00
684 -9.68130893007786e+00 -9.01474770523512e+00 0.00000000000000e+00
685 3.83242088647312e+00 1.35562163077766e+01 0.00000000000000e+00
686 -1.27919385640126e+01 -3.36926498659808e+00 0.00000000000000e+00
687 -1.34945269460235e+01 -1.27146643177334e+00 0.00000000000000e+00
688 1.28995836043144e+01 2.36326010674414e+00 0.00000000000000e+00
689 1.28822429531278e+01 2.00350019692127e-01 0.00000000000000e+00
690 -1.16642377870864e+01 -1.12398194613802e+01 0.00000000000000e+00
691 -1.57870156679986e+01 2.23666637165601e+00 0.00000000000000e+00
692 6.01769107031550e+00 1.30962876451202e+01 0.00000000000000e+00
693 -7.82322176604282e+00 -1.04481761918525e+01 0.00000000000000e+00
694 -5.37578153617404e+00 1.19515458537646e+01 0.00000000000000e+00
695 7.73873693501192e+00 1.07769495871103e+01 0.00000000000000e+00
696 -1.45487724573317e+01 6.18219396985725e-01 0.00000000000000e+00
697 1.26319181498892e+01 -2.17786854872499e+00 0.00000000000000e+00
698 9.04736757863487e+00 -1.08505324096912e+01 0.00000000000000e+00
699 2.23374559095813e+00 -1.07303048564183e+01 0.00000000000000e+00
700 2.27773506848305e-01 -1.05321691504699e+01 0.00000000000000e+00
701 -3.48123059073166e+00 1.19892327798263e+01 0.00000000000000e+00
702 -1.11801080812200e+00 1.16042983523959e+01 0.00000000000000e+00
703 3.97185020365865e+00 -1.09391096861490e+01 0.00000000000000e+00
704 -8.11835351042399e+00 6.90616915099600e+00 0.00000000000000e+00
705 -6.91446409077066e+00 8.58451991105968e+00 0.00000000000000e+00
706 1.16519518543935e+01 -4.13187418423260e+00 0.00000000000000e+00
707 1.16227228514238e+01 -5.75692240469344e+00 0.00000000000000e+00
708 -2.32037953249893e+00 -1.03395548126953e+01 0.00000000000000e+00
709 -4.48640656108416e+00 -9.12886023800352e+00 0.00000000000000e+00
710 1.09628714729596e+00 1.11565699005717e+01 0.00000000000000e+00
711 1.03091865314292e+01 -6.56180564685569e+00 0.00000000000000e+00
712 8.96172174857443e+00 -7.65419400283963e+00 0.00000000000000e+00
713 9.31270170889284e+00 7.47620138655272e+00 0.00000000000000e+00
714 9.78527615042591e+00 5.52860551034390e+00 0.00000000000000e+00
715 -9.48754855166803e+00 -6.14464590471168e+00 0.00000000000000e+00
716 -9.88150606921057e+00 -4.30015791627425e+00 0.00000000000000e+00
717 1.03989141137067e+01 3.80087312668202e+00 0.00000000000000e+00
718 1.01250877172228e+01 1.91842159648120e+00 0.00000000000000e+00
719 8.61905940304950e+00 9.26676401120734e+00 0.00000000000000e+00
720 -1.26774878725178e+01 2.12582721331450e+00 0.00000000000000e+00
721 -8.17851085121462e+00 -7.06907959811421e+00 0.00000000000000e+00
722 3.28071455376363e+00 1.07246375207166e+01 0.00000000000000e+00
723 -1.03057946071922e+01 -2.17922458747429e+00 0.00000000000000e+00
724 -9.58410284273414e+00 5.33377873252534e+00 0.00000000000000e+00
725 1.01391175418056e+01 1.38582496806909e-02 0.00000000000000e+00
726 -5.99619918800834e+00 1.03027613808873e+01 0.00000000000000e+00
727 -5.25558620076889e+00 1.36132339726340e+01 0.00000000000000e+00
728 -1.11455034801448e+01 3.75038149624531e+00 0.00000000000000e+00
729 5.54396008918806e+00 1.00664419216887e+01 0.00000000000000e+00
730 -1.10173768222981e+01 3.41945783341567e-01 0.00000000000000e+00
731 1.02339704160244e+01 -1.88648099862648e+00 0.00000000000000e+00
732 -3.80708777153794e+00 9.58062958555667e+00 0.00000000000000e+00
733 7.14357459716746e+00 -8.93350456736351e+00 0.00000000000000e+00
734 -6.47965513014869e+00 -8.08067357884330e+00 0.00000000000000e+00
735 6.81696215716035e+00 8.50682427522655e+00 0.00000000000000e+00
736 2.69550305588644e+00 -9.07482436220395e+00 0.00000000000000e+00
737 9.14749854247801e-01 -7.82247750852660e+00 0.00000000000000e+00
738 4.41687127248521e+00 -7.89684992220995e+00 0.00000000000000e+00
739 -5.98667233830876e+00 5.30181049611824e+00 0.00000000000000e+00
740 -4.31676896033339e+00 7.20169636458550e+00 0.00000000000000e+00
741 7.01591713425765e+00 6.57715666266436e+00 0.00000000000000e+00
742 8.94441519132739e+00 -4.99068928905612e+00 0.00000000000000e+00
743 6.87460286621072e+00 -6.81380859602656e+00 0.00000000000000e+00
744 -7.40016404014220e+00 -5.60108238815569e+00 0.00000000000000e+00
745 -7.52358059578207e+00 -3.75043386897967e+00 0.00000000000000e+00
746 -9.45886636034785e+00 2.10969521695242e+00 0.00000000000000e+00
747 -7.69893532362517e+00 3.62031673611163e+00 0.00000000000000e+00
748 7.77189639552826e+00 2.13451297044220e+00 0.00000000000000e+00
749 7.30147484116375e+00 -2.81766392169710e-01 0.00000000000000e+00
750 -7.69585742373264e+00 -1.61037051140325e+00 0.00000000000000e+00
751 7.32135402321354e+00 4.48526320673994e+00 0.00000000000000e+00
752 -1.31031244234593e+00 -7.15590530319799e+00 0.00000000000000e+00
753 -3.53603593529740e+00 -6.57431124821073e+00 0.00000000000000e+00
754 5.72386908298271e-01 8.68231700357823e+00 0.00000000000000e+00
755 2.65692321217659e+00 8.32991535389488e+00 0.00000000000000e+00
756 4.53576956265676e+00 8.14105320984039e+00 0.00000000000000e+00
757 -8.02282658798693e+00 6.00300031934876e-01 0.00000000000000e+00
758 -5.63665826278286e+00 -5.97557691926944e+00 0.00000000000000e+00
759 7.03171054218688e+00 -2.80264555839598e+00 0.00000000000000e+00
760 2.27376776916373e+00 5.98229048121902e+00 0.00000000000000e+00
761 4.59283417304737e+00 6.04232453117233e+00 0.00000000000000e+00
762 2.88148625587817e+00 -6.27019685583656e+00 0.00000000000000e+00
763 1.58302185040685e+00 -4.59283708497755e+00 0.00000000000000e+00
764 -3.94146961597000e+00 3.42551693233421e+00 0.00000000000000e+00
765 -2.48817183093002e+00 4.92505049785233e+00 0.00000000000000e+00
766 -1.54665998534064e+00 9.05644045472971e+00 0.00000000000000e+00
767 4.97138206316202e+00 -4.83824987107605e+00 0.00000000000000e+00
768 -5.67602831049111e+00 1.63719333936507e+00 0.00000000000000e+00
769 -5.26433837014369e+00 -3.74831555268193e+00 0.00000000000000e+00
770 -5.08852394657838e+00 -1.18100321131413e+00 0.00000000000000e+00
771 -4.21965206286308e-01 -4.83793054816346e+00 0.00000000000000e+00
772 4.48983462238506e+00 3.73556217373410e+00 0.00000000000000e+00
773 4.34590082885245e+00 1.46686859537639e+00 0.00000000000000e+00
774 4.47128980751873e+00 -5.32614916378297e-01 0.00000000000000e+00
775 -2.77399416740618e+00 -4.10810431512109e+00 0.00000000000000e+00
776 5.41368448859946e-02 6.35435559102394e+00 0.00000000000000e+00
777 4.88828253159245e+00 -2.19844554597189e+00 0.00000000000000e+00
778 -1.71145552990313e+00 -1.09641435600957e+00 0.00000000000000e+00
779 -1.94358610067949e+00 1.99517270161591e+00 0.00000000000000e+00
780 3.26425784725473e+00 -3.32187982080453e+00 0.00000000000000e+00
781 -6.93447511713706e-01 4.17665040346280e+00 0.00000000000000e+00
782 -2.02507566052266e+00 6.75623616743431e+00 0.00000000000000e+00
783 1.61121292668464e+00 3.29192713044465e+00 0.00000000000000e+00
784 1.67359595339934e+00 6.60812056691033e-01 0.00000000000000e+00
785 1.35477492452292e-01 -2.76435393785063e+00 0.00000000000000e+00
786 2.26273279894478e+00 -1.45846098755803e+00 0.00000000000000e+00
787 5.59040884369857e+00 -9.96847242392784e+00 0.00000000000000e+00
1 102 1 2 
2 102 2 3 
3 102 3 4 
4 102 4 5 
5 102 5 6 
6 102 6 7 
7 102 7 8 
8 102 8 9 
9 102 9 10 
10 102 10 11 
11 102 11 12 
12 102 12 13 
13 102 13 14 
14 102 14 15 
15 102 15 16 
16 102 16 17 
17 102 17 18 
18 102 18 19 
19 102 19 20 
20 102 20 21 
21 102 21 22 
22 102 22 23 
23 102 23 24 
24 102 24 25 
25 102 25 26 
26 102 26 27 
27 102 27 28 
28 102 28 29 
29 102 29 30 
30 102 30 31 
31 102 31 32 
32 102 32 33 
33 102 33 34 
34 102 34 35 
35 102 35 36 
36 102 36 37 
37 102 37 38 
38 102 38 39 
39 102 39 40 
40 102 40 41 
41 102 41 42 
42 102 42 43 
43 102 43 44 
44 102 44 45 
45 102 45 46 
46 102 46 47 
47 102 47 48 
48 102 48 49 
49 102 49 50 
50 102 50 51 
51 102 51 52 
52 102 52 53 
53 102 53 54 
54 102 54 55 
55 102 55 56 
56 102 56 57 
57 102 57 58 
58 102 58 59 
59 102 59 60 
60 102 60 61 
61 102 61 62 
62 102 62 63 
63 102 63 64 
64 102 64 65 
65 102 65 66 
66 102 66 67 
67 102 67 68 
68 102 68 69 
69 102 69 70 
70 102 70 71 
71 102 71 72 
72 102 72 73 
73 102 73 74 
74 102 74 75 
75 102 75 76 
76 102 76 77 
77 102 77 78 
78 102 78 79 
79 102 79 80 
80 102 80 81 
81 102 81 82 
82 102 82 83 
83 102 83 84 
84 102 84 1 
85 204 1 2 85 86 
86 204 2 3 87 85 
87 204 3 4 88 87 
88 204 4 5 89 88 
89 204 5 6 90 89 
90 204 6 7 91 90 
91 204 7 8 92 91 
92 204 8 9 93 92 
93 204 9 10 94 93 
94 204 10 11 95 94 
95 203 721 744 715 
96 204 721 734 758 744 
97 204 14 15 98 97 
98 204 15 16 99 98 
99 203 84 164 83 
100 204 17 18 101 100 
101 204 84 165 238 164 
102 204 19 20 103 102 
103 204 20 21 104 103 
104 204 21 22 105 104 
105 204 22 23 106 105 
106 204 23 24 107 106 
107 204 24 25 108 107 
108 204 25 26 109 108 
109 204 26 27 110 109 
110 203 57 138 56 
111 204 28 29 112 111 
112 204 30 31 113 114 
113 204 31 32 115 113 
114 204 32 33 116 115 
115 204 33 34 117 116 
116 204 34 35 118 117 
117 204 35 36 119 118 
118 204 36 37 120 119 
119 204 37 38 121 120 
120 204 38 39 122 121 
121 204 39 40 123 122 
122 204 57 139 215 138 
123 203 743 733 712 
124 204 43 44 126 125 
125 204 44 45 127 126 
126 204 743 738 787 733 
127 204 46 47 129 128 
128 204 47 48 130 129 
129 204 48 49 131 130 
130 204 49 50 132 131 
131 204 50 51 133 132 
132 204 51 52 134 133 
133 204 52 53 135 134 
134 204 53 54 136 135 
135 204 54 55 137 136 
136 204 55 56 138 137 
137 203 28 110 27 
138 204 57 58 140 139 
139 204 59 60 141 142 
140 204 60 61 143 141 
141 204 61 62 144 143 
142 204 62 63 145 144 
143 204 63 64 146 145 
144 204 64 65 147 146 
145 204 65 66 148 147 
146 204 66 67 149 148 
147 204 67 68 150 149 
148 204 68 69 151 150 
149 204 28 111 190 110 
150 203 729 695 692 
151 204 72 73 154 153 
152 204 73 74 155 154 
153 204 729 735 719 695 
154 204 75 76 157 156 
155 204 76 77 158 157 
156 204 77 78 159 158 
157 204 78 79 160 159 
158 204 79 80 161 160 
159 204 80 81 162 161 
160 204 81 82 163 162 
161 204 82 83 164 163 
162 203 782 740 765 
163 204 84 1 86 165 
164 204 30 114 166 112 
165 204 59 142 167 140 
166 204 85 87 168 169 
167 204 89 90 170 171 
168 204 90 91 172 170 
169 204 91 92 173 172 
170 204 92 93 174 173 
171 204 93 94 175 174 
172 204 94 95 176 175 
173 204 95 96 177 176 
174 204 96 97 178 177 
175 204 97 98 179 178 
176 204 98 99 180 179 
177 204 782 766 732 740 
178 204 102 103 183 181 
179 204 103 104 184 183 
180 204 104 105 185 184 
181 204 105 106 186 185 
182 204 106 107 187 186 
183 204 107 108 188 187 
184 204 108 109 189 188 
185 204 109 110 190 189 
186 203 694 701 727 
187 204 115 116 191 192 
188 204 114 113 193 194 
189 204 113 115 192 193 
190 204 117 118 195 196 
191 204 118 119 197 195 
192 204 119 120 198 197 
193 204 120 121 199 198 
194 204 121 122 200 199 
195 204 122 123 201 200 
196 204 123 124 202 201 
197 204 124 125 203 202 
198 204 125 126 204 203 
199 204 126 127 205 204 
200 204 129 130 206 207 
201 204 130 131 208 206 
202 204 131 132 209 208 
203 204 132 133 210 209 
204 204 133 134 211 210 
205 204 134 135 212 211 
206 204 135 136 213 212 
207 204 136 137 214 213 
208 204 137 138 215 214 
209 204 726 732 701 694 
210 204 143 144 216 217 
211 204 142 141 218 219 
212 204 141 143 217 218 
213 204 145 146 220 221 
214 204 146 147 222 220 
215 204 147 148 223 222 
216 204 148 149 224 223 
217 204 149 150 225 224 
218 204 150 151 226 225 
219 204 151 152 227 226 
220 204 152 153 228 227 
221 204 153 154 229 228 
222 204 154 155 230 229 
223 204 157 158 231 232 
224 204 158 159 233 231 
225 204 159 160 234 233 
226 204 160 161 235 234 
227 204 161 162 236 235 
228 204 162 163 237 236 
229 204 163 164 238 237 
230 203 692 652 609 
231 204 87 88 240 168 
232 204 86 85 169 239 
233 204 88 89 171 240 
234 204 692 695 680 652 
235 204 116 117 196 191 
236 203 679 648 643 
237 204 144 145 221 216 
238 204 679 694 727 648 
239 204 114 194 244 166 
240 204 142 219 245 167 
241 204 172 173 246 247 
242 204 170 172 247 248 
243 204 174 175 249 250 
244 204 175 176 251 249 
245 204 176 177 252 251 
246 204 177 178 253 252 
247 204 178 179 254 253 
248 204 179 180 241 254 
249 204 183 184 255 256 
250 204 182 181 257 258 
251 204 181 183 256 257 
252 204 185 186 259 260 
253 204 186 187 261 259 
254 204 187 188 262 261 
255 204 188 189 263 262 
256 204 189 190 264 263 
257 204 190 166 244 264 
258 204 192 191 265 266 
259 204 197 198 267 268 
260 204 193 192 266 269 
261 204 242 207 270 271 
262 204 195 197 268 272 
263 204 199 200 273 274 
264 204 200 201 275 273 
265 204 201 202 276 275 
266 204 202 203 277 276 
267 204 203 204 278 277 
268 204 204 205 242 278 
269 204 208 209 279 280 
270 204 207 206 281 270 
271 204 206 208 280 281 
272 204 210 211 282 283 
273 204 211 212 284 282 
274 204 212 213 285 284 
275 204 213 214 286 285 
276 204 214 215 287 286 
277 204 215 167 245 287 
278 204 217 216 288 289 
279 204 222 223 290 291 
280 204 218 217 289 292 
281 204 243 232 293 294 
282 204 220 222 291 295 
283 204 224 225 296 297 
284 204 225 226 298 296 
285 204 226 227 299 298 
286 204 227 228 300 299 
287 204 228 229 301 300 
288 204 229 230 243 301 
289 204 233 234 302 303 
290 204 232 231 304 293 
291 204 231 233 303 304 
292 204 235 236 305 306 
293 204 236 237 307 305 
294 204 237 238 308 307 
295 204 238 239 309 308 
296 204 168 240 310 311 
297 204 169 168 311 312 
298 204 240 171 313 310 
299 204 171 170 248 313 
300 204 241 182 258 314 
301 204 173 174 250 246 
302 204 191 196 315 265 
303 204 184 185 260 255 
304 204 196 195 272 315 
305 204 194 193 269 316 
306 204 198 199 274 267 
307 204 216 221 317 288 
308 204 209 210 283 279 
309 204 221 220 295 317 
310 204 219 218 292 318 
311 204 223 224 297 290 
312 204 234 235 306 302 
313 204 169 312 319 309 
314 204 194 316 320 244 
315 204 241 314 321 254 
316 204 242 271 322 278 
317 204 219 318 323 245 
318 204 243 294 324 301 
319 204 314 258 325 326 
320 204 250 249 327 328 
321 204 249 251 329 327 
322 204 253 254 321 330 
323 204 315 272 331 332 
324 204 256 255 333 334 
325 204 261 262 335 336 
326 204 257 256 334 337 
327 204 259 261 336 338 
328 203 620 545 544 
329 204 255 260 340 333 
330 204 268 267 341 342 
331 204 281 280 343 344 
332 204 288 317 345 346 
333 204 267 274 347 341 
334 204 271 270 348 349 
335 204 316 269 350 351 
336 204 274 273 352 347 
337 204 273 275 353 352 
338 204 277 278 322 354 
339 204 317 295 355 345 
340 204 280 279 356 343 
341 204 270 281 344 348 
342 204 285 286 357 358 
343 204 282 284 359 360 
344 204 620 606 556 545 
345 204 279 283 361 356 
346 204 291 290 362 363 
347 204 304 303 364 365 
348 204 302 306 366 367 
349 204 290 297 368 362 
350 204 294 293 369 370 
351 204 318 292 371 372 
352 204 297 296 373 368 
353 204 296 298 374 373 
354 204 300 301 324 375 
355 204 303 302 367 364 
356 204 293 304 365 369 
357 204 308 309 319 376 
358 204 305 307 377 378 
359 204 313 248 379 380 
360 204 311 310 381 382 
361 204 289 288 346 383 
362 204 258 257 337 325 
363 204 260 259 338 340 
364 204 252 253 330 384 
365 204 248 247 385 379 
366 204 251 252 384 329 
367 204 265 315 332 386 
368 204 247 246 387 385 
369 204 266 265 386 388 
370 204 246 250 328 387 
371 204 262 263 339 335 
372 204 275 276 389 353 
373 204 269 266 388 350 
374 204 272 268 342 331 
375 204 276 277 354 389 
376 204 283 282 360 361 
377 204 284 285 358 359 
378 204 298 299 390 374 
379 204 292 289 383 371 
380 204 295 291 363 355 
381 204 299 300 375 390 
382 204 306 305 378 366 
383 204 307 308 376 377 
384 204 310 313 380 381 
385 204 312 311 382 391 
386 204 312 391 392 319 
387 204 314 326 393 321 
388 204 271 349 394 322 
389 204 316 351 395 320 
390 204 294 370 396 324 
391 204 318 372 397 323 
392 204 379 385 398 399 
393 204 327 329 400 401 
394 204 330 321 393 402 
395 204 332 331 403 404 
396 204 345 355 405 406 
397 204 356 361 407 408 
398 204 353 389 409 410 
399 203 493 464 424 
400 204 338 336 411 412 
401 204 337 334 413 414 
402 204 339 320 395 415 
403 204 333 340 416 417 
404 204 342 341 418 419 
405 204 348 344 420 421 
406 204 343 356 408 422 
407 204 341 347 423 418 
408 204 349 348 421 424 
409 204 331 342 419 403 
410 203 29 30 112 
411 204 347 352 425 423 
412 204 350 388 426 427 
413 204 354 322 394 409 
414 204 390 375 428 429 
415 204 360 359 430 431 
416 204 366 378 432 433 
417 204 493 535 524 464 
418 204 374 390 429 434 
419 204 387 328 435 436 
420 204 357 323 397 437 
421 204 359 358 438 430 
422 204 363 362 439 440 
423 204 369 365 441 442 
424 204 377 376 443 444 
425 204 362 368 445 439 
426 204 370 369 442 446 
427 204 355 363 440 405 
428 203 58 59 140 
429 204 368 373 447 445 
430 204 371 383 448 449 
431 204 375 324 396 428 
432 204 382 381 450 451 
433 204 340 338 412 416 
434 204 391 382 451 452 
435 203 517 465 446 
436 204 378 377 444 432 
437 204 381 380 453 450 
438 204 329 384 454 400 
439 204 335 339 415 455 
440 204 346 345 406 456 
441 204 358 357 437 438 
442 204 344 343 422 420 
443 204 386 332 404 457 
444 204 361 360 431 407 
445 204 336 335 455 411 
446 204 364 367 458 459 
447 204 384 330 402 454 
448 204 334 333 417 413 
449 204 385 387 436 398 
450 204 328 327 401 435 
451 204 388 386 457 426 
452 204 326 325 460 461 
453 204 325 337 414 460 
454 204 352 353 410 425 
455 204 351 350 427 462 
456 204 365 364 459 441 
457 204 376 319 392 443 
458 204 367 366 433 458 
459 204 380 379 399 453 
460 204 373 374 434 447 
461 204 372 371 449 463 
462 204 383 346 456 448 
463 204 349 424 464 394 
464 204 370 446 465 396 
465 204 517 533 500 465 
466 204 372 463 467 397 
467 204 391 452 468 392 
468 204 326 461 469 393 
469 204 459 458 470 471 
470 204 404 403 472 473 
471 204 411 455 474 475 
472 204 414 413 476 477 
473 204 412 411 475 478 
474 204 453 399 479 480 
475 204 452 451 481 482 
476 204 398 436 483 484 
477 204 417 416 485 486 
478 204 461 460 487 488 
479 204 457 404 473 489 
480 204 425 410 490 491 
481 204 424 421 492 493 
482 203 462 395 351 
483 204 423 425 491 494 
484 204 431 430 495 496 
485 204 441 459 471 497 
486 204 427 426 498 499 
487 204 429 428 500 501 
488 204 401 400 502 503 
489 204 450 453 480 504 
490 204 437 397 467 505 
491 204 434 429 501 506 
492 204 463 449 507 508 
493 204 436 435 509 483 
494 204 420 422 510 511 
495 204 440 439 512 513 
496 204 458 433 514 470 
497 204 439 445 515 512 
498 204 446 442 516 517 
499 204 462 466 415 395 
500 204 445 447 518 515 
501 204 448 456 519 520 
502 204 449 448 520 507 
503 204 416 412 478 485 
504 204 402 393 469 521 
505 204 432 444 522 523 
506 204 413 417 486 476 
507 204 455 415 466 474 
508 204 410 409 524 490 
509 203 771 763 785 
510 204 433 432 523 514 
511 204 400 454 525 502 
512 204 456 406 526 519 
513 204 403 419 527 472 
514 204 405 440 513 526 
515 204 447 434 506 518 
516 204 409 394 464 524 
517 204 444 443 468 522 
518 204 442 441 497 516 
519 204 435 401 503 509 
520 204 422 408 528 510 
521 204 430 438 505 495 
522 204 421 420 511 492 
523 204 419 418 529 527 
524 204 462 427 499 530 
525 204 460 414 477 487 
526 204 418 423 494 529 
527 204 451 450 504 481 
528 204 407 431 496 531 
529 204 426 457 489 498 
530 204 408 407 531 528 
531 204 399 398 484 479 
532 204 763 780 786 785 
533 203 19 101 18 
534 204 773 772 783 784 
535 204 463 508 532 467 
536 203 764 768 779 
537 204 428 396 465 500 
538 204 768 770 778 779 
539 203 752 737 771 
540 204 701 660 666 727 
541 204 462 530 534 466 
542 204 454 402 521 525 
543 203 729 756 735 
544 204 461 488 536 469 
545 204 452 482 537 468 
546 204 487 477 538 539 
547 204 490 524 535 540 
548 204 474 466 534 541 
549 204 480 479 542 543 
550 204 495 505 544 545 
551 204 529 494 546 547 
552 204 491 490 540 548 
553 204 527 529 547 549 
554 204 497 471 550 551 
555 204 498 489 552 553 
556 204 485 478 554 555 
557 204 496 495 545 556 
558 204 499 498 553 557 
559 204 519 526 558 559 
560 204 531 496 556 560 
561 204 505 467 532 544 
562 204 756 761 741 735 
563 204 508 507 562 563 
564 204 483 509 564 565 
565 204 489 473 566 552 
566 204 511 510 567 568 
567 204 509 503 569 564 
568 204 470 514 570 571 
569 204 472 527 549 572 
570 204 517 516 573 574 
571 204 515 518 575 576 
572 204 520 519 559 577 
573 204 507 520 577 562 
574 204 523 522 578 579 
575 204 518 506 561 575 
576 204 476 486 580 581 
577 204 502 525 536 582 
578 204 513 512 583 584 
579 204 522 468 537 578 
580 204 512 515 576 583 
581 204 514 523 579 570 
582 203 239 169 309 
583 204 494 491 548 546 
584 204 481 504 585 586 
585 204 510 528 587 567 
586 204 504 480 543 585 
587 204 526 513 584 558 
588 204 479 484 588 542 
589 204 503 502 582 569 
590 204 482 481 586 589 
591 204 492 511 568 590 
592 204 471 470 571 550 
593 204 477 476 581 538 
594 204 530 499 557 591 
595 204 486 485 555 580 
596 204 488 487 539 592 
597 204 516 497 551 573 
598 204 484 483 565 588 
599 204 493 492 590 593 
600 204 473 472 572 566 
601 204 478 475 541 554 
602 204 528 531 560 587 
603 204 521 469 536 525 
604 204 482 589 594 537 
605 204 488 592 595 536 
606 204 530 591 596 534 
607 204 493 593 597 535 
608 204 517 574 598 533 
609 204 508 563 599 532 
610 204 588 565 600 601 
611 204 543 542 602 603 
612 204 581 580 604 605 
613 204 560 556 606 607 
614 204 592 539 608 609 
615 204 558 584 610 611 
616 203 718 717 748 
617 204 580 555 613 604 
618 204 717 714 751 748 
619 204 565 564 614 600 
620 204 549 547 615 616 
621 204 551 550 617 618 
622 204 555 554 619 613 
623 204 544 532 599 620 
624 204 557 553 621 622 
625 204 584 583 623 610 
626 204 559 558 611 624 
627 204 563 562 625 626 
628 204 542 588 601 602 
629 204 583 576 627 623 
630 204 552 566 628 629 
631 204 553 552 629 621 
632 204 568 567 630 631 
633 204 564 569 632 614 
634 204 571 570 633 634 
635 203 697 731 706 
636 204 574 573 635 636 
637 204 548 540 637 638 
638 204 579 578 594 639 
639 204 582 536 595 632 
640 204 538 581 605 608 
641 204 547 546 640 615 
642 204 575 561 641 642 
643 204 591 557 622 643 
644 204 589 586 612 644 
645 204 731 759 742 706 
646 204 570 579 639 633 
647 204 546 548 638 640 
648 203 699 703 736 
649 204 703 787 738 736 
650 204 540 535 597 637 
651 204 567 587 607 630 
652 204 590 568 631 645 
653 204 573 551 618 635 
654 204 577 559 624 625 
655 204 576 575 642 627 
656 204 550 571 634 617 
657 203 69 70 151 
658 204 593 590 645 646 
659 204 574 636 647 598 
660 204 591 643 648 596 
661 204 561 533 598 641 
662 204 563 626 649 599 
663 204 593 646 650 597 
664 204 589 644 651 594 
665 204 592 609 652 595 
666 204 623 627 653 654 
667 204 618 617 655 656 
668 204 603 602 657 658 
669 204 627 642 647 653 
670 204 617 634 659 655 
671 204 604 613 660 661 
672 204 625 624 662 663 
673 204 616 615 664 665 
674 204 70 71 152 151 
675 204 613 619 666 660 
676 203 40 41 123 
677 204 622 621 667 668 
678 204 610 623 654 669 
679 204 624 611 670 662 
680 204 626 625 663 671 
681 204 605 604 661 672 
682 204 686 676 716 723 
683 204 602 601 674 657 
684 204 631 630 675 676 
685 204 629 628 677 678 
686 204 643 622 668 679 
687 204 614 632 680 681 
688 204 634 633 682 659 
689 204 611 610 669 670 
690 204 41 42 124 123 
691 204 667 678 704 705 
692 204 608 605 672 685 
693 204 646 645 686 687 
694 204 644 612 688 689 
695 203 11 12 95 
696 204 640 638 683 691 
697 204 639 594 651 682 
698 203 389 354 409 
699 204 645 631 676 686 
700 204 632 595 652 680 
701 204 600 614 681 674 
702 204 628 616 665 677 
703 204 612 603 658 688 
704 204 609 608 685 692 
705 204 698 653 647 636 
706 204 615 640 691 664 
707 204 626 671 693 649 
708 203 638 637 683 
709 204 621 629 678 667 
710 204 637 597 650 683 
711 204 646 687 696 650 
712 204 644 689 697 651 
713 204 12 13 96 95 
714 204 684 690 649 693 
715 204 670 669 699 700 
716 204 661 660 701 702 
717 204 669 654 703 699 
718 204 635 618 656 673 
719 204 655 659 706 707 
720 204 671 663 708 709 
721 204 672 661 702 710 
722 204 673 656 711 712 
723 204 657 674 713 714 
724 204 676 675 715 716 
725 204 688 658 717 718 
726 204 681 680 695 719 
727 204 659 682 697 706 
728 204 664 691 696 720 
729 204 675 684 721 715 
730 203 443 392 468 
731 204 685 672 710 722 
732 203 566 572 628 
733 204 656 655 707 711 
734 204 678 677 724 704 
735 204 689 688 718 725 
736 204 687 730 720 696 
737 204 666 596 648 727 
738 204 662 670 700 708 
739 204 572 549 616 628 
740 204 658 657 714 717 
741 204 665 664 720 728 
742 204 674 681 719 713 
743 204 677 665 728 724 
744 203 586 585 612 
745 204 692 685 722 729 
746 203 438 437 505 
747 204 585 543 603 612 
748 203 406 405 526 
749 204 683 650 696 691 
750 204 723 730 687 686 
751 204 689 725 731 697 
752 203 506 501 561 
753 204 673 712 733 698 
754 204 671 709 734 693 
755 204 501 500 533 561 
756 204 700 699 736 737 
757 203 286 287 357 
758 204 705 704 739 740 
759 204 713 719 735 741 
760 204 712 711 742 743 
761 204 716 715 744 745 
762 204 724 728 746 747 
763 204 725 718 748 749 
764 204 287 245 323 357 
765 203 263 264 339 
766 204 726 668 667 705 
767 204 723 716 745 750 
768 204 264 244 320 339 
769 204 714 713 741 751 
770 204 726 705 740 732 
771 203 232 243 157 
772 204 708 700 737 752 
773 204 243 230 156 157 
774 204 709 708 752 753 
775 204 728 720 730 746 
776 203 207 242 129 
777 204 242 205 128 129 
778 204 704 724 747 739 
779 203 475 474 541 
780 204 729 722 755 756 
781 204 722 710 754 755 
782 204 723 750 757 730 
783 204 709 753 758 734 
784 204 725 749 759 731 
785 204 19 182 241 101 
786 204 241 180 100 101 
787 204 756 755 760 761 
788 204 679 668 726 694 
789 204 740 739 764 765 
790 204 737 736 738 762 
791 204 165 86 239 238 
792 203 587 560 607 
793 204 738 743 767 762 
794 204 739 747 768 764 
795 204 750 745 769 770 
796 204 737 762 763 771 
797 204 139 140 167 215 
798 204 751 741 761 772 
799 204 749 748 773 774 
800 204 743 742 759 767 
801 203 578 537 594 
802 204 753 752 771 775 
803 204 19 102 181 182 
804 204 748 751 772 773 
805 204 747 746 757 768 
806 204 111 112 166 190 
807 203 75 156 74 
808 204 755 754 776 760 
809 203 539 538 608 
810 204 156 230 155 74 
811 203 569 582 632 
812 203 562 577 625 
813 204 757 750 770 768 
814 204 749 774 777 759 
815 204 786 774 773 784 
816 204 71 72 153 152 
817 203 46 128 45 
818 204 776 754 766 782 
819 204 128 205 127 45 
820 204 772 761 760 783 
821 204 758 753 775 769 
822 204 775 771 785 778 
823 204 770 769 775 778 
824 204 598 647 642 641 
825 204 698 636 635 673 
826 204 765 764 779 781 
827 204 42 43 125 124 
828 204 777 774 786 780 
829 203 17 100 16 
830 203 633 639 682 
831 203 601 600 674 
832 204 100 180 99 16 
833 204 630 690 684 675 
834 204 13 14 97 96 
835 203 781 779 783 
836 204 776 781 783 760 
837 204 630 607 606 690 
838 204 745 744 758 769 
839 204 653 698 733 787 
840 203 620 599 649 
841 204 606 620 649 690 
842 203 682 651 697 
843 204 780 767 759 777 
844 203 663 662 708 
845 204 711 707 706 742 
846 204 762 767 780 763 
847 204 784 783 779 778 
848 204 784 778 785 786 
849 204 782 765 781 776 
850 204 734 721 684 693 
851 204 702 766 754 710 
852 204 653 787 703 654 
853 204 701 732 766 702 
854 204 619 534 596 666 
855 204 554 541 534 619 
856 203 746 730 757 
